[[ 1.          0.          1.          0.          1.          0.          1.          0.          0.          0.          0.          0.          0.          0.          0.          0.          1.          0.          0.          0.          0.          0.          0.          0.          0.          0.        ]
 [ 0.          1.          0.          0.          0.          0.83871634  0.          0.          0.2631579   0.40642943  0.2052192   0.21190689  0.08471455  0.33288337  0.33288337  0.          0.          0.          0.60217139  0.34499561  0.          0.2735789   0.46351741  0.4987668   0.52784131  0.24435891]
 [ 1.          0.          1.          0.          1.          0.          1.          0.          0.          0.          0.          0.          0.          0.          0.          0.          1.          0.          0.          0.          0.          0.          0.          0.          0.          0.        ]
 [ 0.          0.          0.          1.          0.          0.          0.          0.          0.46562333  0.44413801  0.38615096  0.71367179  0.61212899  0.45502636  0.45502636  0.          0.          0.          0.4610305   0.47158288  0.          0.53181574  0.50652263  0.54504247  0.57681451  0.24718509]
 [ 1.          0.          1.          0.          1.          0.          1.          0.          0.          0.          0.          0.          0.          0.          0.          0.          1.          0.          0.          0.          0.          0.          0.          0.          0.          0.        ]
 [ 0.          0.83871634  0.          0.          0.          1.          0.          0.          0.21481129  0.36845507  0.10339447  0.2336394   0.08915232  0.28960338  0.28960338  0.          0.          0.          0.57219687  0.30014084  0.          0.13783577  0.42020909  0.45216499  0.47852295  0.        ]
 [ 1.          0.          1.          0.          1.          0.          1.          0.          0.          0.          0.          0.          0.          0.          0.          0.          1.          0.          0.          0.          0.          0.          0.          0.          0.          0.        ]
 [ 0.          0.          0.          0.          0.          0.          0.          0.          0.          0.          0.          0.          0.          0.          0.          0.          0.          0.          0.          0.          0.          0.          0.          0.          0.          0.        ]
 [ 0.          0.2631579   0.          0.46562333  0.          0.21481129  0.          0.          1.          0.95385687  0.55191695  0.5344987   0.76066212  0.97724133  0.92645305  0.          0.          0.          0.69256233  0.88700358  0.          0.41400837  0.69099781  0.60867284  0.68447858  0.26370697]
 [ 0.          0.40642943  0.          0.44413801  0.          0.36845507  0.          0.          0.95385687  1.          0.52644977  0.50983525  0.72556279  0.97607095  0.97607095  0.          0.          0.          0.75419147  0.94180266  0.          0.39490473  0.76193375  0.69122678  0.76998412  0.25153871]
 [ 0.          0.2052192   0.          0.38615096  0.          0.10339447  0.          0.          0.55191695  0.52644977  1.          0.56989683  0.2363742   0.53935605  0.53935605  0.          0.          0.          0.3016045   0.42642616  0.          0.57861697  0.33136529  0.35656483  0.6837151   0.20853707]
 [ 0.          0.21190689  0.          0.71367179  0.          0.2336394   0.          0.          0.5344987   0.50983525  0.56989683  1.          0.5332502   0.52233422  0.52233422  0.          0.          0.          0.52922649  0.54133979  0.          0.59747294  0.58144785  0.62566557  0.66213736  0.21533288]
 [ 0.          0.08471455  0.          0.61212899  0.          0.08915232  0.          0.          0.76066212  0.72556279  0.2363742   0.5332502   1.          0.74335046  0.74335046  0.          0.          0.          0.75315908  0.77039789  0.          0.32553983  0.73557937  0.61420749  0.48073306  0.34668083]
 [ 0.          0.33288337  0.          0.45502636  0.          0.28960338  0.          0.          0.97724133  0.97607095  0.53935605  0.52233422  0.74335046  1.          0.9503676   0.          0.          0.          0.72239369  0.91345329  0.          0.40458609  0.72536368  0.64872169  0.72594427  0.25770535]
 [ 0.          0.33288337  0.          0.45502636  0.          0.28960338  0.          0.          0.92645305  0.97607095  0.53935605  0.52233422  0.74335046  0.9503676   1.          0.          0.          0.          0.72239369  0.9648916   0.          0.40458609  0.72536368  0.64872169  0.72594427  0.25770535]
 [ 0.          0.          0.          0.          0.          0.          0.          0.          0.          0.          0.          0.          0.          0.          0.          0.          0.          0.          0.          0.          0.          0.          0.          0.          0.          0.        ]
 [ 1.          0.          1.          0.          1.          0.          1.          0.          0.          0.          0.          0.          0.          0.          0.          0.          1.          0.          0.          0.          0.          0.          0.          0.          0.          0.        ]
 [ 0.          0.          0.          0.          0.          0.          0.          0.          0.          0.          0.          0.          0.          0.          0.          0.          0.          0.          0.          0.          0.          0.          0.          0.          0.          0.        ]
 [ 0.          0.60217139  0.          0.4610305   0.          0.57219687  0.          0.          0.69256233  0.75419147  0.3016045   0.52922649  0.75315908  0.72239369  0.72239369  0.          0.          0.          1.          0.74867859  0.          0.40992466  0.91018738  0.84586162  0.63184971  0.26110581]
 [ 0.          0.34499561  0.          0.47158288  0.          0.30014084  0.          0.          0.88700358  0.94180266  0.42642616  0.54133979  0.77039789  0.91345329  0.9648916   0.          0.          0.          0.74867859  1.          0.          0.4193073   0.75175665  0.67232598  0.66172864  0.26708218]
 [ 0.          0.          0.          0.          0.          0.          0.          0.          0.          0.          0.          0.          0.          0.          0.          0.          0.          0.          0.          0.          0.          0.          0.          0.          0.          0.        ]
 [ 0.          0.2735789   0.          0.53181574  0.          0.13783577  0.          0.          0.41400837  0.39490473  0.57861697  0.59747294  0.32553983  0.40458609  0.40458609  0.          0.          0.          0.40992466  0.4193073   0.          1.          0.45037393  0.48462379  0.51287386  0.27800197]
 [ 0.          0.46351741  0.          0.50652263  0.          0.42020909  0.          0.          0.69099781  0.76193375  0.33136529  0.58144785  0.73557937  0.72536368  0.72536368  0.          0.          0.          0.91018738  0.75175665  0.          0.45037393  1.          0.9293269   0.6941974   0.28687039]
 [ 0.          0.4987668   0.          0.54504247  0.          0.45216499  0.          0.          0.60867284  0.69122678  0.35656483  0.62566557  0.61420749  0.64872169  0.64872169  0.          0.          0.          0.84586162  0.67232598  0.          0.48462379  0.9293269   1.          0.74698946  0.3086862 ]
 [ 0.          0.52784131  0.          0.57681451  0.          0.47852295  0.          0.          0.68447858  0.76998412  0.6837151   0.66213736  0.48073306  0.72594427  0.72594427  0.          0.          0.          0.63184971  0.66172864  0.          0.51287386  0.6941974   0.74698946  1.          0.32668038]
 [ 0.          0.24435891  0.          0.24718509  0.          0.          0.          0.          0.26370697  0.25153871  0.20853707  0.21533288  0.34668083  0.25770535  0.25770535  0.          0.          0.          0.26110581  0.26708218  0.          0.27800197  0.28687039  0.3086862   0.32668038  1.        ]]
